225 59 3 46 17 42 50 181 121
8 15 8 177 247 237 76 46 93
58 7 249 127 33 238 35 45 23
138 32 154 246 181 136 127 102 232
9 36 2 170 73 242 193 85 27
39 254 83 38 110 73 13 177 56
72 156 232 20 213 141 20 90 139
79 153 79 237 21 197 178 253 174
239 243 23 241 87 225 224 151 140
63 95 213 223 61 52 248 192 130
98 176 55 80 137 79 165 228 36
40 202 109 24 146 19 112 44 162
156 235 33 131 37 218 103 51 203
99 235 120 184 105 215 89 104 154
30 180 78 255 241 170 71 67 24
84 74 35 166 87 0 31 44 75
111 20 221 200 166 106 195 143 155
216 163 77 47 133 142 210 204 141
58 192 140 109 152 203 26 178 225
119 251 84 194 157 1 37 245 202
0 0 0 0 0 0 0 0 0
255 255 255 255 255 255 255 255 255
10 20 30 40 50 60 70 80 90
90 80 70 60 50 40 30 20 10
100 100 100 100 255 100 100 100 100
100 100 100 100 0 100 100 100 100
50 50 100 100 150 150 200 200 50
0 255 0 255 0 255 0 255 0
3 5 7 9 11 13 15 17 19
17 201 33 99 155 67 240 8 121
